{
 "cells": [
  {
   "cell_type": "code",
   "execution_count": 1,
   "metadata": {
    "collapsed": true
   },
   "outputs": [],
   "source": [
    "import numpy as np\n",
    "import scipy as sp"
   ]
  },
  {
   "cell_type": "markdown",
   "metadata": {},
   "source": [
    "w = v2w * v + w0\n",
    "\n",
    "v = inv(v2w)*(w-w0)"
   ]
  },
  {
   "cell_type": "code",
   "execution_count": 169,
   "metadata": {
    "collapsed": false
   },
   "outputs": [],
   "source": [
    "v2w=np.array([[0.02828, 0.04988, -1.19862],\n",
    "             [-1.19583, -0.06351, -0.03097],\n",
    "             [0.06472, -1.19519, -0.04838]]).T;\n",
    "w2v=np.linalg.inv(v2w);"
   ]
  },
  {
   "cell_type": "code",
   "execution_count": 170,
   "metadata": {
    "collapsed": false
   },
   "outputs": [
    {
     "data": {
      "text/plain": [
       "array([[ 0.02828, -1.19583,  0.06472],\n",
       "       [ 0.04988, -0.06351, -1.19519],\n",
       "       [-1.19862, -0.03097, -0.04838]])"
      ]
     },
     "execution_count": 170,
     "metadata": {},
     "output_type": "execute_result"
    }
   ],
   "source": [
    "v2w"
   ]
  },
  {
   "cell_type": "code",
   "execution_count": 171,
   "metadata": {
    "collapsed": false
   },
   "outputs": [
    {
     "data": {
      "text/plain": [
       "array([[ 0.01971113,  0.03476125, -0.83238114],\n",
       "       [-0.83333202, -0.04425483, -0.02150311],\n",
       "       [ 0.04510422, -0.83288472, -0.03359592]])"
      ]
     },
     "execution_count": 171,
     "metadata": {},
     "output_type": "execute_result"
    }
   ],
   "source": [
    "w2v"
   ]
  },
  {
   "cell_type": "code",
   "execution_count": 172,
   "metadata": {
    "collapsed": true
   },
   "outputs": [],
   "source": [
    "v2wo=np.array([[0,0,-1],[-1,0,0],[0,-1,0]])"
   ]
  },
  {
   "cell_type": "code",
   "execution_count": 173,
   "metadata": {
    "collapsed": false
   },
   "outputs": [
    {
     "data": {
      "text/plain": [
       "array([[ 0,  0, -1],\n",
       "       [-1,  0,  0],\n",
       "       [ 0, -1,  0]])"
      ]
     },
     "execution_count": 173,
     "metadata": {},
     "output_type": "execute_result"
    }
   ],
   "source": [
    "v2wo"
   ]
  },
  {
   "cell_type": "code",
   "execution_count": 174,
   "metadata": {
    "collapsed": false
   },
   "outputs": [
    {
     "data": {
      "text/plain": [
       "array([[-0., -1., -0.],\n",
       "       [-0., -0., -1.],\n",
       "       [-1., -0., -0.]])"
      ]
     },
     "execution_count": 174,
     "metadata": {},
     "output_type": "execute_result"
    }
   ],
   "source": [
    "np.linalg.inv(v2wo)"
   ]
  },
  {
   "cell_type": "code",
   "execution_count": null,
   "metadata": {
    "collapsed": true
   },
   "outputs": [],
   "source": []
  }
 ],
 "metadata": {
  "kernelspec": {
   "display_name": "Python 2",
   "language": "python",
   "name": "python2"
  },
  "language_info": {
   "codemirror_mode": {
    "name": "ipython",
    "version": 2
   },
   "file_extension": ".py",
   "mimetype": "text/x-python",
   "name": "python",
   "nbconvert_exporter": "python",
   "pygments_lexer": "ipython2",
   "version": "2.7.11"
  }
 },
 "nbformat": 4,
 "nbformat_minor": 0
}
